FIXUIJ     H3  1  0.053698   0.017667   0.034062   0.005748   0.013667   0.003907 
FIXUIJ     H4  1  0.059067   0.026560   0.038984   0.007255   0.016488   0.020336 
FIXUIJ     H6  1  0.063943   0.038042   0.033562   0.009513   0.016190   0.022870 
FIXUIJ     H7  1  0.070206   0.050128   0.019130   0.012684   0.014797   0.011082 
FIXUIJ     H8  1  0.061775   0.028404   0.025882   0.008746   0.009762  -0.001171 
FIXUIJ    H10  1  0.057787   0.018685   0.033232   0.006748   0.009427   0.001087 
FIXUIJ    H11  1  0.055424   0.023639   0.039546   0.008534   0.013528   0.018212 
FIXUIJ    H13  1  0.052849   0.032109   0.034686   0.009391   0.014465   0.021836 
FIXUIJ    H14  1  0.054341   0.043254   0.019629   0.010430   0.013336   0.011843 
FIXUIJ    H17  1  0.061236   0.041406   0.022658   0.007974   0.015591   0.006386 
